lag-49           0.0008871  0.0016923   0.524  0.60015    
lag-47          -0.0010285  0.0016730  -0.615  0.53872    
lag-44          -0.0024011  0.0016835  -1.426  0.15382    
lag-41          -0.0006351  0.0016811  -0.378  0.70556    
lag-39           0.0042354  0.0016663   2.542  0.01103   
lag-36           0.0083471  0.0016310   5.118 3.10e-07 
lag-34           0.0129397  0.0016360   7.909 2.64e-15 
lag-31           0.0137895  0.0016229   8.497   2e-16 
lag-28           0.0141521  0.0016205   8.733   2e-16 
lag-26           0.0146144  0.0016196   9.024   2e-16 
lag-23           0.0166217  0.0016246  10.231   2e-16 
lag-20           0.0219476  0.0016039  13.684   2e-16 
lag-18           0.0315745  0.0015875  19.889   2e-16 
lag-15           0.0422806  0.0015830  26.709   2e-16 
lag-13           0.0478576  0.0015762  30.363   2e-16 
lag-10           0.0507049  0.0015741  32.211   2e-16 
lag-7            0.0555315  0.0015697  35.377   2e-16 
lag-5            0.0687040  0.0015652  43.896   2e-16 
lag-2            0.0820473  0.0015632  52.485   2e-16 
lag0             0.0832916  0.0015666  53.168   2e-16 
lag2             0.0820927  0.0015693  52.311   2e-16 
lag5             0.0711864  0.0015747  45.206   2e-16 
lag7             0.0591790  0.0015746  37.583   2e-16 
lag10            0.0542027  0.0015762  34.388   2e-16 
lag13            0.0502811  0.0015806  31.811   2e-16 
lag15            0.0436798  0.0015880  27.506   2e-16 
lag18            0.0351811  0.0015982  22.013   2e-16 
lag20            0.0263575  0.0016024  16.449   2e-16 
lag23            0.0212625  0.0016133  13.179   2e-16 
lag26            0.0183947  0.0016199  11.355   2e-16 
lag28            0.0156139  0.0016237   9.617   2e-16 
lag31            0.0138373  0.0016384   8.446   2e-16 
lag34            0.0114349  0.0016521   6.922 4.52e-12 
lag36            0.0068963  0.0016560   4.164 3.13e-05 
lag39            0.0023185  0.0016758   1.384  0.16650    
lag41           -0.0005827  0.0016905  -0.345  0.73032    
lag44           -0.0016077  0.0016691  -0.963  0.33545    
lag47           -0.0011723  0.0016656  -0.704  0.48156    
lag49           -0.0006559  0.0016975  -0.386  0.69921    
lag52           -0.0012539  0.0016809  -0.746  0.45568    
regionsCML->CMM  0.0096583  0.0020042   4.819 1.45e-06 
regionsCML->L    0.0276254  0.0093339   2.960  0.00308  
regionsCML->L1   0.0168913  0.0025410   6.648 3.01e-11 
regionsCML->L2   0.0098126  0.0023473   4.180 2.92e-05 
regionsCML->NCM  0.0094565  0.0019012   4.974 6.58e-07 
regionsCMM->CML  0.0083385  0.0020415   4.084 4.43e-05 
regionsCMM->CMM  0.0083070  0.0020262   4.100 4.14e-05 
regionsCMM->L    0.0074109  0.0042325   1.751  0.07996 
regionsCMM->L1   0.0122786  0.0019147   6.413 1.44e-10 
regionsCMM->L2   0.0066512  0.0023833   2.791  0.00526  
regionsCMM->L3   0.0179448  0.0037664   4.764 1.90e-06 
regionsCMM->NCM  0.0084504  0.0016954   4.984 6.24e-07 
regionsL1->CML   0.0141348  0.0024705   5.721 1.06e-08 
regionsL1->CMM   0.0109883  0.0019014   5.779 7.56e-09 
regionsL1->L     0.0058179  0.0048065   1.210  0.22613    
regionsL1->L1    0.0115294  0.0017095   6.744 1.55e-11 
regionsL1->L2   -0.0001313  0.0021286  -0.062  0.95083    
regionsL1->L3    0.0203271  0.0022409   9.071   2e-16 
regionsL1->NCM   0.0147317  0.0015986   9.215   2e-16 
regionsL2->CML  -0.0028568  0.0024146  -1.183  0.23678    
regionsL2->CMM   0.0097314  0.0023579   4.127 3.68e-05 
regionsL2->L    -0.0134468  0.0031913  -4.214 2.52e-05 
regionsL2->L1   -0.0006610  0.0021337  -0.310  0.75673    
regionsL2->L2   -0.0029786  0.0025854  -1.152  0.24929    
regionsL2->L3    0.0116064  0.0037150   3.124  0.00178  
regionsL2->NCM   0.0017755  0.0016887   1.051  0.29309    
regionsL3->CMM   0.0271921  0.0037024   7.344 2.10e-13 
regionsL3->L1    0.0231580  0.0021746  10.649   2e-16 
regionsL3->L2    0.0107756  0.0037025   2.910  0.00361  
regionsL3->L3    0.0486365  0.0061840   7.865 3.77e-15 
regionsL3->NCM   0.0201007  0.0019471  10.323   2e-16 
regionsL->CML    0.0017949  0.0096144   0.187  0.85191    
regionsL->CMM    0.0197196  0.0042945   4.592 4.40e-06 
regionsL->L     -0.0149773  0.0049026  -3.055  0.00225  
regionsL->L1     0.0095919  0.0050089   1.915  0.05550 
regionsL->L2    -0.0189719  0.0033535  -5.657 1.55e-08 
regionsL->NCM    0.0017304  0.0020494   0.844  0.39848    
regionsNCM->CML  0.0061224  0.0018979   3.226  0.00126  
regionsNCM->CMM  0.0109137  0.0016915   6.452 1.11e-10 
regionsNCM->L   -0.0001181  0.0020610  -0.057  0.95431    
regionsNCM->L1   0.0177143  0.0015962  11.098   2e-16 
regionsNCM->L2   0.0015928  0.0016934   0.941  0.34691    
regionsNCM->L3   0.0204236  0.0019602  10.419   2e-16 
regionsNCM->NCM  0.0062562  0.0014917   4.194 2.75e-05

